dataset	chi^2	p-val	x-sigma
covarP_highZ_Blue	6.4506947724	0.776084180278	0.284425681595
covarP_highZ_Blue_largePi	5.3374072415	0.867529925348	0.166796814358
covarP_highZ_Red	9.02540736835	0.529694034057	0.628473144461
covarP_highZ_Red_largePi	6.25761100662	0.79317539364	0.262189440931
covarP_lowZ_Blue	6.96925170907	0.728344558073	0.347328478667
covarP_lowZ_Blue_largePi	2.06204836083	0.995842093891	0.00521118609418
covarP_lowZ_Red	9.20761341708	0.512520316361	0.654918363516
covarP_lowZ_Red_largePi	7.26348928159	0.700357761178	0.384837571064
covarX_highZ_Blue	6.04850367559	0.811171837438	0.238914557126
covarX_highZ_Blue_largePi	7.08763485008	0.717146600273	0.362274917014
covarX_highZ_Red	4.38072164739	0.928542066942	0.0896792986343
covarX_highZ_Red_largePi	3.83093618737	0.954651589934	0.0568664376151
covarX_lowZ_Blue	8.43286865258	0.586633082055	0.543721576997
covarX_lowZ_Blue_largePi	4.40791202617	0.927075151066	0.0915253667577
covarX_lowZ_Red	4.47506689175	0.92338222873	0.0961741905568
covarX_lowZ_Red_largePi	14.1701235913	0.165372222894	1.38722808886
