# wgp_r
-2.736348082183235420e+03
-3.755800470595394245e+02
-4.486448180506067729e+02
-1.408555943095334214e+03
-1.572644653093898341e+03
-4.429646294479032775e+01
-7.568331090596116155e+02
-1.340097440100910035e+03
-4.095122717498493898e+02
-2.288755663143954280e+02
-1.246572789314120428e+03
-1.758710613551699282e+02
-4.394468162858670439e+02
-7.218165678283302213e+02
-2.943796758841456267e+02
-2.916288584113370348e+02
-6.641497960508856977e+02
-4.097050762145530101e+00
-5.834499424830001999e+02
-1.388355091755751403e+02
-3.173087666567524820e+02
-2.640268519834795597e+02
-1.813323702294317741e+02
-2.562080405848404894e+02
-1.535137578268202958e+02
-1.965125452034227749e+02
-1.506338523738859863e+02
-1.416660359248195959e+02
-1.418811754325790560e+02
-1.019578007617450908e+02
-1.263938145610660087e+02
-7.303196034002993997e+01
-1.083596853163665799e+02
-5.051595107223540282e+01
-9.033792064796153909e+01
-3.203407413601878062e+01
-7.335816000105441503e+01
-1.640601065692844074e+01
-5.774332629101116510e+01
-2.992466606900090476e+00
-4.355117387612337865e+01
8.598329014225866374e+00
-3.075001827908122820e+01
1.862686673040075291e+01
-1.928476651624868765e+01
2.727115264104095260e+01
-9.102892148927365312e+00
3.465054286743994538e+01
-1.651270414283493304e-01
4.083956388074289379e+01
7.550579812639858446e+00
4.587734321653184821e+01
1.404869188804739899e+01
4.977514588821082953e+01
1.931806784060452031e+01
5.252335147881242960e+01
2.333582763261311399e+01
5.409870282505095673e+01
2.607297002343396031e+01
5.447238888170790005e+01
2.750174516714941220e+01
5.361933391907555091e+01
2.760479438749390724e+01
5.152887690654655017e+01
2.638597093011941652e+01
4.821679232832141793e+01
2.388255011403122907e+01
4.373829419221912218e+01
2.017821762140413000e+01
3.820125752664195318e+01
1.541578752636598715e+01
3.177838133471045268e+01
9.808059542439934830e+00
2.471642481815166903e+01
3.644620525054620419e+00
1.734003601138848083e+01
-2.708181880420937659e+00
1.004717715812032175e+01
-8.817261076143113385e+00
3.292925245376739696e+00
-1.420595896776656986e+01
-2.441240969609913325e+00
-1.839277258987539554e+01
-6.694331061601937805e+00
-2.094625026326315620e+01
-9.088116043875430705e+00
-2.155349269542750790e+01
-9.400069110296474406e+00
-2.009503987052446305e+01
-7.636948090330628602e+00
-1.671311417050190684e+01
-4.092941273500723121e+00
-1.185426978023410882e+01
6.289839846363239895e-01
-6.263495665012792202e+00
5.655842680609688422e+00
-9.077915379804052387e-01
9.961991393012688434e+00
3.183182510256972630e+00
1.256846927636084565e+01
5.150675653077049887e+00
1.280058314941685182e+01
4.573451838745797637e+00
1.054371163516721310e+01
1.688762660497992840e+00
6.402422216810994549e+00
-2.538269862247269248e+00
1.654284650916314714e+00
-6.596404806526452447e+00
-2.077343144676895736e+00
-8.896258471620498653e+00
-3.408856519442333255e+00
-8.429075759135084667e+00
-1.862731423412451015e+00
-5.356667794190319576e+00
1.713798945081637992e+00
-1.164849545510822537e+00
5.337564934761887869e+00
1.909036963228052386e+00
6.832707597889545070e+00
2.108509778112360955e+00
5.196361255315161465e+00
-5.644225521381480704e-01
1.527932014765047919e+00
-4.022186046336742038e+00
-1.433184661684725913e+00
-5.398410598745075895e+00
-1.327737711711248325e+00
-3.441039831674157945e+00
1.578729611412836409e+00
2.131787939258032900e-03
4.217027297290596444e+00
1.409230078548881160e+00
3.623028275726819292e+00
-6.501839227111499975e-01
4.966539824448579221e-01
-3.407770727819806833e+00
-1.153063964076932013e+00
-3.023670620579439916e+00
8.134631535842349326e-01
-7.587660882601800216e-02
3.140352088036237888e+00
7.769050239620297615e-01
1.873400965363010151e+00
-1.696778238379908377e+00
-6.621044118130741118e-01
-2.632737503031218562e+00
3.366120770358362324e-01
-1.561265979992186859e-01
2.458549147751898811e+00
3.426051392792227035e-01
8.295671394804615684e-01
-1.989353449745177027e+00
-5.233685169756709943e-01
-1.119854175696810117e+00
1.632359351083735532e+00
5.046674091729409506e-01
1.083859711140097604e+00
-1.501816209689528669e+00
-4.197785337125488625e-01
-7.979394207064556266e-01
1.537470803653707474e+00
2.129210822375076917e-01
3.082089645459245020e-01
-1.539034656202628470e+00
2.622154423030291781e-01
2.081611473707974669e-01
1.163235850221413736e+00
-9.628491264096343816e-01
-2.566157679143435399e-01
-2.734015608025642252e-01
1.227559490384767305e+00
-5.471683024132922846e-01
-2.736116963397540736e-01
-3.505695555377377759e-01
1.089519515794953763e+00
-5.862533716596276534e-01
-1.885743691119945720e-01
-4.404049425725999056e-02
7.933930833262207161e-01
-8.827110098340059663e-01
2.524236743555284268e-01
1.959291744846314021e-01
4.880782473517841780e-02
-6.050071082517362031e-01
8.334116503110224894e-01
-5.572531526977605454e-01
9.354769609061451552e-02
1.588093666488380185e-01
-6.303245943569138476e-02
-2.501721061746817742e-01
5.547880014877316635e-01
-7.036051044413699218e-01
6.692402863779239874e-01
-5.146707594206143543e-01
3.201392506657352865e-01
-1.505665724595554034e-01
3.219178158729997519e-02
3.013827145624821055e-02
-5.126663067243891064e-02
4.397204178153558962e-02
-2.461975574434630346e-02
-5.840707149842135548e-04
2.325642538975645005e-02
-4.412811098358752210e-02
5.925779124591810942e-02
-7.217336964948890821e-02
8.004333910602803859e-02
-8.700915782617821281e-02
9.009678855756796112e-02
-9.346382859099033880e-02
9.375280911430615427e-02
-9.510402387394453760e-02
9.380867487378596881e-02
-9.406547886404523218e-02
9.187188291874806567e-02
-9.155111834916258851e-02
8.884202245033595569e-02
-8.823597004266718613e-02
8.522814613829177155e-02
-8.450664098377221045e-02
8.132575158634004764e-02
-8.059077904243942825e-02
7.731116035601186265e-02
-7.662595911458525144e-02
7.329201291411580055e-02
-7.269693290598540358e-02
6.933495807830550306e-02
-6.885638626272243268e-02
6.548135076611320826e-02
-6.513691736767783513e-02
6.175647236994333267e-02
-6.155819601810558900e-02
5.817513522277947130e-02
-5.813138636943875753e-02
5.474519841853942720e-02
-5.486196219778220057e-02
5.146983642149628030e-02
-5.175154709021446281e-02
4.834903968948440350e-02
-4.879914542479560358e-02
4.538062871885364946e-02
-4.600198231374758723e-02
4.256095192573937369e-02
-4.335608645891625423e-02
3.988537324827497871e-02
-4.085670019066264119e-02
3.734861706235506618e-02
-3.849857118724161337e-02
3.494501445730958944e-02
-3.627616168649316908e-02
3.266868024137903337e-02
-3.418379936245333206e-02
3.051364057339326849e-02
-3.221578635718248818e-02
2.847392500179906846e-02
-3.036647798620324690e-02
2.654363253430743266e-02
-2.863033922074630436e-02
2.471697861393540308e-02
-2.700198478810216657e-02
2.298832791913048984e-02
-2.547620704959820126e-02
2.135221661534930995e-02
-2.404799480940146908e-02
1.980336667084565266e-02
-2.271254528490581487e-02
1.833669424325629072e-02
-2.146527096259053663e-02
1.694731358513732258e-02
-2.030180261586493964e-02
1.563053759157640235e-02
-1.921798946337071115e-02
1.438187582430243937e-02
-1.820989720090021580e-02
1.319703068014070439e-02
-1.727380447206292025e-02
1.207189216276462022e-02
-1.640619821530292163e-02
1.100253167664795063e-02
-1.560376822698972613e-02
9.985195096072879348e-03
-1.486340119183645996e-02
9.016295380187373462e-03
-1.418217439451919561e-02
8.092404858913725824e-03
-1.355734924989997724e-02
7.210247364982536739e-03
-1.298636478980657455e-02
6.366690291255952885e-03
-1.246683118635095490e-02
5.558736661469393901e-03
-1.199652339845890328e-02
4.783517262805903926e-03
-1.157337496910208936e-02
4.038282901148339786e-03
-1.119547204294654881e-02
3.320396789790623290e-03
-1.086104761646197216e-02
2.627327112209735041e-03
-1.056847605018864343e-02
1.956639761743899763e-03
-1.031626785196263114e-02
1.305991268162840294e-03
-1.010306475012528668e-02
6.731219215411151681e-04
-9.927635057426321269e-03
5.584908827393755750e-05
-9.788869329499206087e-03
-5.479392850140539159e-04
-9.685776317772013672e-03
-1.140290977030724304e-03
-9.617479221572742751e-03
-1.723195624098372222e-03
-9.583212230442918894e-03
-2.298590676533164220e-03
-9.582317356778367184e-03
-2.868367195293016706e-03
-9.614241554514627724e-03
-3.434375498995181908e-03
-9.678534117860944017e-03
-3.998430664210888413e-03
-9.774844359050583950e-03
-4.562317902535938108e-03
-9.902919558116460644e-03
-5.127797812090700152e-03
-1.006260317641932342e-02
-5.696611525092521409e-03
-1.025383333755824390e-02
-6.270485759961417702e-03
-1.047664156396625919e-02
-6.851137785832096642e-03
-1.073115176798625919e-02
-7.440280315988094702e-03
-1.101757949378185525e-02
-8.039626340779761418e-03
-1.133623140510058198e-02
-8.650893910120893357e-03
-1.168750501836469252e-02
-9.275810876067946270e-03
-1.207188867557854040e-02
-9.916119611233200487e-03
-1.248996175466887508e-02
-1.057358170842331337e-02
-1.294239511823894184e-02
-1.124998267860165789e-02
-1.342995179614666496e-02
-1.194713665160975630e-02
-1.395348790323096971e-02
-1.266689109725818198e-02
-1.451395378767762409e-02
-1.341113157243645389e-02
-1.511239541477106714e-02
-1.418178650764929070e-02
-1.574995598187007087e-02
-1.498083204216780172e-02
-1.642787776784373696e-02
-1.581029691934536865e-02
-1.714750421522889118e-02
-1.667226745143928629e-02
-1.791028224903646118e-02
-1.756889256514417366e-02
-1.871776483172806621e-02
-1.850238893716630792e-02
-1.957161375725713359e-02
-1.947504622966972354e-02
-2.047360268553208643e-02
-2.048923243740390088e-02
-2.142562042058938562e-02
-2.154739935328951750e-02
-2.242967443419960696e-02
-2.265208816549387633e-02
-2.348789463986203710e-02
-2.380593519170898231e-02
-2.460253741663737462e-02
-2.501167776388928121e-02
-2.577598988983444139e-02
-2.627216026979901226e-02
-2.701077446956967262e-02
-2.759034036102766402e-02
-2.830955365184505482e-02
-2.896929533688761757e-02
-2.967513508487919574e-02
-3.041222871163722780e-02
-3.111047690399761784e-02
-3.192247697352141450e-02
-3.261869333917035568e-02
-3.350351654327621970e-02
-3.420306059790491349e-02
-3.515897093867105527e-02
-3.586702302566538436e-02
-3.689261815279884504e-02
-3.761419954752551892e-02
-3.870839825152870561e-02
-3.944839039223303756e-02
-4.061042119525514610e-02
-4.137358410107715156e-02
-4.260297489000738208e-02
-4.339396482105174757e-02
-4.469053347112002250e-02
-4.551391988370269426e-02
-4.687776582249950086e-02
-4.773804766805363198e-02
-4.916954433232974264e-02
-5.007116574591901487e-02
-5.157095388550955728e-02
-5.251831930569984819e-02
-5.408730109086492405e-02
-5.508478985031080993e-02
-5.672412374079173480e-02
-5.777610416219271933e-02
-5.948720049615071476e-02
-6.059804352727945348e-02
-6.238256079069807308e-02
-6.355665320629047543e-02
-6.541649494351922667e-02
-6.665825214001784571e-02
-6.859556446650090511e-02
-6.990944287241515620e-02
-7.192661255119053854e-02
-7.331712167110615574e-02
-7.541677471394873933e-02
-7.688848882147961139e-02
-7.907348957580319360e-02
-8.063105906708625814e-02
-8.290450974810710527e-02
-8.455267216282345843e-02
-8.691791278985465385e-02
-8.866150350317668349e-02
-9.112211219686870700e-02
-9.296607478095904320e-02
-9.552586837693056998e-02
-9.747526462603994801e-02
-1.001382995570013201e-01
-1.021983191650171069e-01
-1.049688925613374152e-01
-1.071448624357017321e-01
-1.100275133902207658e-01
-1.123249065792575330e-01
-1.153244175185406672e-01
-1.177488617242958280e-01
-1.208702598236517517e-01
-1.234275454640335751e-01
-1.266761040381954861e-01
-1.293721918160338491e-01
-1.327534316114871715e-01
-1.355944595390981278e-01
-1.391141498469746496e-01
-1.421064396663982432e-01
-1.457705991673807766e-01
-1.489206620968405725e-01
-1.527355593406149181e-01
-1.560501010671161148e-01
-1.600222544793313550e-01
-1.635081793057002186e-01
-1.676443566048174960e-01
-1.713087706473164773e-01
-1.756159875416003213e-01
-1.794662008601649872e-01
-1.839517188819436155e-01
-1.879952464104778509e-01
-1.926665697302681335e-01
-1.969111308578256059e-01
-2.017760019049253117e-01
-2.062295185411448795e-01
-2.112959122397357337e-01
-2.159665051783161982e-01
-2.212426215886444114e-01
-2.261386049619426020e-01
-2.316328600953398986e-01
-2.367627336899310875e-01
-2.424837482433555569e-01
-2.478561874222463546e-01
-2.538127731530769871e-01
-2.594366161030048912e-01
-2.656377595378695555e-01
-2.715219915319160848e-01
-2.779768346739860396e-01
-2.841305690082681079e-01
-2.908483866762832659e-01
-2.972808419067760610e-01
-3.042710153051912392e-01
-3.109914883750957149e-01
-3.182634744589666331e-01
-3.252813092698184638e-01
-3.328446054298237478e-01
-3.401691563694913545e-01
-3.480332599226300672e-01
-3.556738498221772571e-01
-3.638482117512720215e-01
-3.718140836991297160e-01
-3.803080560410568856e-01
-3.886083184384792055e-01
-3.974310946760814534e-01
-4.060746588723089801e-01
-4.152352066400059605e-01
-4.242307164400845321e-01
-4.337377018079633384e-01
-4.430934541013736849e-01
-4.529551566591246692e-01
-4.626790123745448957e-01
-4.729032302954941924e-01
-4.830025148476030372e-01
-4.935964590765537507e-01
-5.040778514369556040e-01
-5.150480281153810846e-01
-5.259174376133977091e-01
-5.372695178345884282e-01
-5.485319477784392772e-01
-5.602706237567735004e-01
-5.719300209644792021e-01
-5.840588477110471022e-01
-5.961179370584704929e-01
-6.086391586848891588e-01
-6.210992618205211091e-01
-6.340136216497396227e-01
-6.468744590990427312e-01
-6.601809928536828131e-01
-6.734404688476719469e-01
-6.871362803212807124e-01
-7.007902498441197503e-01
-7.148702686489797342e-01
-7.289122864183916750e-01
-7.433690076570507177e-01
-7.577900590425514782e-01
-7.726132650829907744e-01
-7.874014793448985694e-01
-8.025779443072087460e-01
-8.177182910216903577e-01
-8.332314691256955674e-01
-8.487054392668039737e-01
-8.645351388658086833e-01
-8.803204127667513257e-01
-8.964424587254490318e-01
-9.125125640618260148e-01
-9.288984521514084269e-01
-9.452224162048530332e-01
-9.618389644116599468e-01
-9.783809662100385607e-01
-9.951899693130253910e-01
-1.011908998829833539e+00
-1.028866894322879144e+00
-1.045716427779153523e+00
-1.062773983220263174e+00
-1.079701685688110979e+00
-1.096803719866715321e+00
-1.113751188837970307e+00
-1.130836341771701559e+00
-1.147738908129319668e+00
-1.164739477825498470e+00
-1.181526083721331943e+00
-1.198367950835814266e+00
-1.214961127291710463e+00
-1.231563792226501919e+00
-1.247879762753497213e+00
-1.264156523248419761e+00
-1.280105463287494416e+00
-1.295963764014823605e+00
-1.311450249341056473e+00
-1.326792238163730708e+00
-1.341715918276144892e+00
-1.356439246340811478e+00
-1.370695780886780790e+00
-1.384694685134109093e+00
-1.398176982062752094e+00
-1.411343688447459055e+00
-1.423943481169725356e+00
-1.436169964126154497e+00
-1.447779760626576540e+00
-1.458959888147731032e+00
-1.469475316708102053e+00
-1.479507399701831094e+00
-1.488829962451285738e+00
-1.497619710512264612e+00
-1.505659936065596449e+00
-1.513123798069820891e+00
-1.519804756657873179e+00
-1.525873592272234180e+00
-1.531134699699572943e+00
-1.535757685827437768e+00
-1.539558675340345628e+00
-1.542707299011693234e+00
-1.545032182435817303e+00
-1.546704108928562915e+00
-1.547564881133553172e+00
-1.547787414899894243e+00
-1.547227181495645754e+00
-1.546059961702009433e+00
-1.544155094234552772e+00
-1.541691593429786122e+00
-1.538552448137519235e+00
-1.534919782769841090e+00
-1.530689471532511003e+00
-1.526046002580182082e+00
-1.520896696477040289e+00
-1.515426918383831589e+00
-1.509553218818034726e+00
-1.503459531003207283e+00
-1.497068588155906044e+00
-1.490559744093870709e+00
-1.483858065949160698e+00
-1.477134427050804444e+00
-1.470311727819577419e+00
-1.463547930741168068e+00
-1.456758924186649873e+00
-1.450085197665201830e+00
-1.443430929589116118e+00
-1.436915031253817254e+00
-1.430426102338317129e+00
-1.424058594075597872e+00
-1.417683322955177294e+00
-1.411369502241916596e+00
-1.404970517572361688e+00
-1.398532532152814811e+00
-1.391895187459980310e+00
-1.385087380944807878e+00
-1.377942442457729566e+00
-1.370481499559784933e+00
-1.362542487559350812e+00
-1.354151258117326284e+00
-1.345163522420072200e+00
-1.335623554618446063e+00
-1.325417894310870537e+00
-1.314621220228632259e+00
-1.303160445798905664e+00
-1.291147208343572661e+00
-1.278551015876413732e+00
-1.265517958535616438e+00
-1.252051948632303624e+00
-1.238319836040350008e+00
-1.224340605395475290e+00
-1.210278074217110866e+00
-1.196139081188736908e+00
-1.182056150121136184e+00
-1.167996862282047132e+00
-1.154039771479126175e+00
-1.140097657036926115e+00
-1.126189840059986791e+00
-1.112181115006064092e+00
-1.098051802454229620e+00
-1.083651468455026023e+00
-1.068964590429649419e+00
-1.053874317072953426e+00
-1.038417850927438657e+00
-1.022552542917220197e+00
-1.006393693332598316e+00
-9.899762151202899929e-01
-9.734713248722871581e-01
-9.569437434553870192e-01
-9.405528767275889157e-01
-9.243157897251279564e-01
-9.083078204506663811e-01
-8.924474930695711627e-01
-8.767114609996208285e-01
-8.609497344322126766e-01
-8.451140493377750085e-01
-8.290900621287708994e-01
-8.129151863139024714e-01
-7.965967470354492486e-01
-7.802903167252919214e-01
-7.640859600880405278e-01
-7.481501951621603030e-01
-7.325075123403465005e-01
-7.171938242704624100e-01
-7.020871002181079401e-01
-6.871124025762056498e-01
-6.721265809269783009e-01
-6.571349155273635834e-01
-6.421520591834328773e-01
-6.273445189052385684e-01
-6.128151572243926148e-01
-5.986885549368246018e-01
-5.849117829036034610e-01
-5.714154168510534593e-01
-5.580312338510036163e-01
-5.447271027634816853e-01
-5.315147745790496092e-01
-5.185672510345721298e-01
-5.059837650605207848e-01
-4.938287140447432111e-01
-4.819705426021025363e-01
-4.702973829224826319e-01
-4.587125789888091831e-01
-4.473285979862633432e-01
-4.362664189036899454e-01
-4.256327446463260000e-01
-4.153137404299371283e-01
-4.051854814255711479e-01
-3.951652044713699907e-01
-3.853960668215260510e-01
-3.759888960133316305e-01
-3.669567849499518752e-01
-3.581136909722671957e-01
-3.494041767686167921e-01
-3.409085641378826192e-01
-3.327877858224781438e-01
-3.249549913046020366e-01
-3.172754105849678874e-01
-3.097272936118153353e-01
-3.024944092615134972e-01
-2.955598523164136848e-01
-2.887844505156752506e-01
-2.821218437834644432e-01
-2.757541246100465027e-01
-2.696395551262367185e-01
-2.636411797052703454e-01
-2.577886547700936615e-01
-2.522347074405809075e-01
-2.468252258171994284e-01
-2.415213100218648878e-01
-2.364525227871786262e-01
-2.315801021680804483e-01
-2.267643846896996163e-01
-2.221809136272727414e-01
-2.177502301011836339e-01
-2.133961925883905153e-01
-2.092418097604639704e-01
-2.052149782032628156e-01
-2.012630410841348694e-01
-1.975183697719276044e-01
-1.938107254903607690e-01
-1.902815758954451708e-01
-1.868234448813971271e-01
-1.834770647523097653e-01
-1.802527186861452857e-01
-1.770850511739525679e-01
-1.740492855566556640e-01
-1.710716035764329179e-01
-1.682046150784521077e-01
-1.653906149400720671e-01
-1.626828120325251870e-01
-1.600311624618015460e-01
-1.574531269255973476e-01
-1.549388590529732768e-01
-1.524953488807933577e-01
-1.500956638106362151e-01
-1.477598393226072226e-01
-1.454804326693590333e-01
-1.432466162787042752e-01
-1.410566514202292732e-01
-1.389238245908142044e-01
-1.368330856143173124e-01
-1.347719664086820257e-01
-1.327602342945740366e-01
-1.307860088721359559e-01
-1.288343279343784897e-01
-1.269190474251789269e-01
-1.250429996456018933e-01
-1.231849567358283548e-01
-1.213511225094823370e-01
-1.195543766366261862e-01
-1.177815382226073959e-01
-1.160149685276886666e-01
-1.142842823701310517e-01
-1.125741101849857262e-01
-1.108685747927348753e-01
-1.091853358348218034e-01
-1.075295251765325810e-01
-1.058758543524288831e-01
-1.042329432370825287e-01
-1.026171957733448270e-01
-1.010137904826324817e-01
-9.940280452662367261e-02
-9.782099558959357621e-02
-9.625138420386264437e-02
-9.467565266180889838e-02
-9.311660956603053096e-02
-9.158001646417458785e-02
-9.003845460911841236e-02
-8.850177788642128729e-02
-8.699028102826285302e-02
-8.548779207936794966e-02
-8.397257082614192902e-02
-8.248594014372966077e-02
-8.101004870459806162e-02
-7.952426502936973951e-02
-7.805436887711368621e-02
-7.660516996071126128e-02
-7.514912513059367194e-02
-7.369592481403530737e-02
-7.226685534755428186e-02
-7.084560284962952703e-02
-6.941039778690860640e-02
-6.800409231363756246e-02
-6.660952044857680610e-02
-6.520627996775212043e-02
-6.382061298227345580e-02
-6.245657380651285784e-02
-6.109015570686951446e-02
-5.972927210605533110e-02
-5.839303494856247501e-02
-5.706789037145501564e-02
-5.573357964464088071e-02
-5.442832372675706493e-02
-5.313621046109186230e-02
-5.184058993890805489e-02
-5.056437879413496622e-02
-4.930956218845532896e-02
-4.805866879811421244e-02
-4.681800792503159475e-02
-4.560135456045956437e-02
-4.440012809523909837e-02
-4.319743443356344886e-02
-4.202243944178270935e-02
-4.086237907629185206e-02
-3.970621992014258805e-02
-3.857025887503762185e-02
-3.745546095302284412e-02
-3.635141072332876561e-02
-3.526257034044703864e-02
-3.419662096422216441e-02
-3.314908387921418342e-02
-3.210747804059469607e-02
-3.109036370081452380e-02
-3.008852647904906169e-02
-2.909667648348927133e-02
-2.812360629210617843e-02
-2.716887687098589951e-02
-2.622528355749328272e-02
-2.529185140192860906e-02
-2.436637124026316478e-02
-2.344315282516986135e-02
-2.250948928273148811e-02
-2.157160455886374811e-02
-2.062218117104821016e-02
-1.966343455178616584e-02
-1.870912394834045242e-02
-1.778275470550014573e-02
-1.691857001985704392e-02
-1.616152047066395786e-02
-1.554937936505964083e-02
-1.510337210687382435e-02
-1.480648361731950850e-02
-1.461876524962462363e-02
-1.447734351212375502e-02
-1.432801744128921542e-02
-1.412978664034185254e-02
-1.386594107197442610e-02
-1.353496534409610180e-02
-1.314169345476966060e-02
-1.268805714020919233e-02
-1.218787437766410096e-02
-1.165623650027119984e-02
-1.111309334921778066e-02
-1.057299515525993681e-02
-1.004451604425959932e-02
-9.519121551823278224e-03
-8.997650180864326386e-03
-8.490516855649062056e-03
-8.011644876786069153e-03
-7.561250499714625845e-03
-7.134668913867625931e-03
-6.719633106405315144e-03
-6.314680150685497532e-03
-5.932752278422393118e-03
-5.586597387807129729e-03
-5.259849969745720825e-03
-4.938102692541124911e-03
-4.622892550715015231e-03
-4.331395537052621161e-03
-4.067951429315399409e-03
-3.825405797083020719e-03
-3.585277809158844524e-03
-3.344706698907143338e-03
-3.120702616490942868e-03
-2.929496512700694149e-03
-2.753141312718811965e-03
-2.574154998430517888e-03
-2.395035025184098516e-03
-2.237572088780889496e-03
-2.104379351181279341e-03
-1.976313911794661850e-03
-1.838713445091073005e-03
-1.705361262189991362e-03
-1.594111565479657076e-03
-1.501368819646583348e-03
-1.402977664357769666e-03
-1.300021008949948801e-03
-1.205383999578219434e-03
-1.134855688507276084e-03
-1.062653523609221728e-03
-9.842110637400959105e-04
-9.061355931872472303e-04
-8.531508409907113174e-04
-8.078301720550629551e-04
-7.469569741692726021e-04
-6.879876651852399362e-04
-6.400161187903653272e-04
-6.047592941835599600e-04
-5.637944078546077830e-04
-5.123056457684535851e-04
-4.788210877309657097e-04
-4.526217063408566831e-04
-4.240440983022412871e-04
-3.882639974253936001e-04
-3.524015109928186587e-04
-3.380127940119145966e-04
-3.127242216535802656e-04
-2.799114270855502856e-04
-2.638855332027627569e-04
-2.481607855701525303e-04
-2.306162038315325469e-04
-2.093617854163179785e-04
-1.825230163258709400e-04
-1.763933184428456095e-04
-1.621589545355219691e-04
-1.389973380594337427e-04
-1.281374832425724597e-04
-1.225498998167540751e-04
-1.051673927599625243e-04
-9.776221666082024258e-05
-8.523630732479145131e-05
-8.196261640219209123e-05
-7.661444702696524451e-05
-6.480249940695630758e-05
-5.783484588003068143e-05
-6.047653714221419314e-05
-5.057545940760708580e-05
-4.303885760006299644e-05
-4.230085923448581266e-05
-3.624619729921752312e-05
-3.250504660448582224e-05
-2.764898927049401771e-05
-2.520389362440884836e-05
-2.491172776598407916e-05
-2.222600914836134938e-05
-1.668593928893131610e-05
-2.008794178221001730e-05
-1.916656964476750927e-05
-1.304672948584058287e-05
-1.586018024697445457e-05
-1.609011785743127973e-05
-1.306341545074591169e-05
-1.323190314377504147e-05
-1.571449471799024955e-05
-1.361831401870140632e-05
-1.371822911993762192e-05
-1.408723058155492375e-05
-1.342162981184196197e-05
-1.377139833682376228e-05
-1.218972821434682655e-05
-1.231352573959878815e-05
-1.155462712400359058e-05
-1.119988918088443056e-05
-1.014200831626399533e-05
-9.545158966960156014e-06
-1.007290538097801492e-05
-7.860697315258550534e-06
-7.188860733670745563e-06
-6.504849877920615912e-06
-5.250138692985082477e-06
-4.058272796389106356e-06
-3.774816648224561232e-06
-3.102148100748577554e-06
-2.446127370195609702e-06
-2.393655286634160287e-06
-2.099733185046179371e-06
-2.015397558675929794e-06
-1.921230204120009962e-06
-1.711759805228704247e-06
-2.433528435668548277e-06
-2.470513426739851620e-06
-2.255393912879118957e-06
-2.452372127203529545e-06
-2.882682246768284847e-06
-2.471157695744670402e-06
-2.031343688963636788e-06
-2.191624048824877848e-06
-1.645546518464885070e-06
-9.874587530929828884e-07
-1.088902913555542594e-06
-1.019033782466819598e-06
-3.136143005359340458e-07
-4.374487628084149669e-07
-8.379661313768144911e-07
-5.100373686093891862e-07
-7.255170417107797178e-07
-1.130541711801284721e-06
-9.622558520404488175e-07
-7.438558784877641556e-07
-8.524147813908753440e-07
-8.685595514213158316e-07
-2.750748310819726083e-07
-2.171452579226101327e-07
-4.187932333414357334e-07
-1.055979386513879410e-07
-2.225538418178976620e-07
-4.637192226783189225e-07
-4.870518483229991702e-07
-3.682009814963390062e-07
-4.363325128979917168e-07
-3.914747298728364291e-07
-8.482249171386750730e-08
-7.935226927716533137e-08
-2.062499714674823388e-07
-8.332449573065062808e-08
-2.278921637138866165e-07
-3.074889775295968722e-07
-2.437248864406205607e-07
-1.217410149463781619e-07
-7.671545783934203283e-08
-9.592422488360283819e-08
-4.330005089051465569e-08
-1.248453744325667666e-07
-2.218444889733422434e-07
-9.985388119282975742e-08
-6.697313966769480538e-08
-4.232489843914655164e-08
-5.212247793002596167e-08
-7.030482104854551532e-08
-1.179740996116711281e-07
-9.618056698754031449e-08
-1.414434419940437338e-08
-9.784499498766742071e-09
-8.044678669468684239e-08
-5.925962245534780754e-08
-5.906215216725706324e-08
-1.910835589437937133e-08
-2.296481543190816611e-08
-3.672585274230218044e-08
-5.791147485926383214e-08
-2.872361510516449327e-08
-2.055020072300205550e-09
-2.649458565678998596e-08
